name: polsartools-dev
channels:
  - conda-forge
  - defaults
dependencies:
  - blosc=1.21.6=h85f69ea_0
  - bzip2=1.0.8=h2bbff1b_6
  - ca-certificates=2024.8.30=h56e8100_0
  - freexl=2.0.0=h8276f4a_0
  - gdal=3.9.2=py310h1e3c057_2
  - geos=3.12.2=h5a68840_1
  - geotiff=1.7.3=h232476a_2
  - intel-openmp=2024.2.1=h57928b3_1083
  - krb5=1.21.3=hdf4eb48_0
  - lerc=4.0.0=h63175ca_0
  - libarchive=3.7.4=haf234dc_0
  - libblas=3.9.0=23_win64_mkl
  - libcblas=3.9.0=23_win64_mkl
  - libcurl=8.10.0=h1ee3ff0_0
  - libdeflate=1.21=h2466b09_0
  - libexpat=2.6.3=he0c23c2_0
  - libffi=3.4.4=hd77b12b_1
  - libgdal-core=3.9.2=h2fd8da2_2
  - libhwloc=2.11.1=default_h8125262_1000
  - libiconv=1.17=hcfcfb64_2
  - libjpeg-turbo=3.0.0=hcfcfb64_1
  - libkml=1.3.0=h538826c_1021
  - liblapack=3.9.0=23_win64_mkl
  - libpng=1.6.44=h3ca93ac_0
  - librttopo=1.1.0=h6c42fcb_16
  - libspatialite=5.1.0=hab0cb6d_9
  - libsqlite=3.46.1=h2466b09_0
  - libssh2=1.11.0=h7dfc565_0
  - libtiff=4.6.0=hb151862_4
  - libwebp-base=1.4.0=hcfcfb64_0
  - libxml2=2.12.7=h0f24e4e_4
  - libzlib=1.3.1=h2466b09_1
  - lz4-c=1.9.4=hcfcfb64_0
  - lzo=2.10=hcfcfb64_1001
  - minizip=4.0.6=hb638d1e_0
  - mkl=2024.1.0=h66d3029_694
  - numpy=2.1.1=py310h1ec8c79_0
  - openssl=3.3.2=h2466b09_0
  - pcre2=10.44=h3d7b363_2
  - pip=24.2=py310haa95532_0
  - proj=9.4.1=hd9569ee_1
  - pthreads-win32=2.9.1=hfa6e2cd_3
  - python=3.10.14=h4de0772_0_cpython
  - python_abi=3.10=5_cp310
  - setuptools=72.1.0=py310haa95532_0
  - snappy=1.2.1=h23299a8_0
  - sqlite=3.45.3=h2bbff1b_0
  - tbb=2021.13.0=hc790b64_0
  - tk=8.6.13=h5226925_1
  - ucrt=10.0.22621.0=h57928b3_0
  - uriparser=0.9.8=h5a68840_0
  - vc=14.40=h2eaa2aa_1
  - vc14_runtime=14.40.33810=ha82c5b3_21
  - vs2015_runtime=14.40.33810=h3bf8584_21
  - wheel=0.44.0=py310haa95532_0
  - xerces-c=3.2.5=he0c23c2_1
  - xz=5.4.6=h8cc25b3_1
  - zlib=1.3.1=h2466b09_1
  - zstd=1.5.6=h0ea2cb4_0
  - pip:
      - affine==2.4.0
      - attrs==24.2.0
      - certifi==2024.8.30
      - click==8.1.7
      - click-plugins==1.1.1
      - cligj==0.7.2
      - cloudpickle==3.0.0
      - colorama==0.4.6
      - dask==2024.9.0
      - exceptiongroup==1.2.2
      - fsspec==2024.9.0
      - importlib-metadata==8.5.0
      - iniconfig==2.0.0
      - locket==1.0.0
      - packaging==24.1
      - pandas==2.2.2
      - partd==1.4.2
      - pillow==10.4.0
      - pluggy==1.5.0
      - pyparsing==3.1.4
      - pytest==8.3.3
      - python-dateutil==2.9.0.post0
      - pytz==2024.2
      - pyyaml==6.0.2
      - rasterio==1.3.11
      - scipy==1.14.1
      - six==1.16.0
      - snuggs==1.4.7
      - tomli==2.0.1
      - toolz==0.12.1
      - tzdata==2024.1
      - xarray==2024.9.0
      - zipp==3.20.2
prefix: C:\ProgramData\anaconda3\envs\polsartools-env
